0
1
36
1225
41616
1413721
48024900
1631432881
55420693056
1882672131025
63955431761796
2172602007770036
73804512832419408
2507180834294489600
85170343853180207104
2893284510173831364608
98286503002057071394816
3338847817559766785327104
113422539294029980075294720
3853027488179458621082435584
130889512058807546678412836864
4446390382511275474229710028800
151046383493324495720250991443968
5131130648390521826712283504443392
174307395661784402444373843175800832
5921320321852276466904442118271401984
201150583547315576143848293029287821312
6833198520286876731572860127911153238016
232127599106206446715910409029769534373888
7885505171090730857271620050485355843944448
267875048217978517668575203484064564348190720
9099866134240179080324091976922356564845658112
309127573515948062953751612253198684091437809664
10501237633407989520767178125144239459592711438336
356732951962355600112981071443283246150507193958400
12118419129086682516868452207009331793134954385244160
411669517436984787208929967997877624043798314291822592
13984645173728393820240701633794014203416391134390255616
475066266389328163500494411714689546296142223699546734592
16138268412063431999068121014241174282849149906415863726080
548226059743767097335498107678862089792765753463528814018560
18623547762876016229940315998617285297719999075955857558601728
632652397878040580802621150481290831830079317732418017493516288
21491557980090498590112989673497779424978914846744775486567612416
730080318925198908834067310086181670373274266173326975399427571712
24801239285476657509066491151355942517717900756122402094141356900352
842512055387281179970525038708818128721064333490200885236286760157184
28620608643882078690399151738567913123050888817612194632911950752776192
972258181836603205221963279743562328093944680795928887671830839432314880
33028157573800608747979166343954912845808878689981999205863173447361757184
1121985099327384205644625495528307032514670192714670929928485205607480033280
38114465219557243319611317312269004423360499391925923915509148979934143709184
1294769832365618962982024710099918087177489079911537108849271042566322038767616
43984059835211474385454787672724297537200594713713499195783277030685479115161600
1494163264564824040762305780288502673472683406702115889222376476022083947686002688
50757566935368802028142186464090107114806764397811034975108374012471691239491633152
1724263112537974159730386195545913561267938338739342353696543995261022141520902356992
58574188259355751779566668446851817443984121511621462771137338154834247965707465654272
1989798137705556317718285971556909701683130258260649413195505006199924737881049042780160
67594562493729539739555878044490600797335542008233242627673128739901025495247181798440960
2296225326649098945009182073703791531988012861169743445263822106578046382437050241976893440
78004066543575620399257010327901486273749575770641524769991618789942204344623452263093895168
2649842037154921261430601615600131188617033895047288074708493626894604135863105339097031376896
90016625196723740132553698670466015949143451695444831557555986675526839483427343589389358858240
3057915414651451539229492590297776235770671470927597237000688286246388578398555808588312958992384
103879107472952613787104159417357384797384691528902708213126366580911479972547287888545537928986624
3528831738665736605721707777643202832461411727464682141882806122581267157575359363440721698767241216
119876400007162056481512374999355469539035926071874019517446058809351389002673839980837218040605048832
4072268768504843871481674616914494611191258552835587738684383815763937917704490334456160844944538337280
138337261729157484099901995380227369228199439945407542410292315144682624350525110363257123426553173114880
4699394630022847901749313500186047191700362585646405868039358683443210990161284888188659330467851260657664
159641080159047681010441080250886012413423467823561325797548741090272951143748768127173373032340424230961152
5423097330777596658491142560430694583692135620228506380610687362643410363259673303741234515229711270223544320
184225668166279144971440918966680984104322389774000196670596218657063170127046226067864910235075971028155891712
6258249620322714448340289377391580266268555054889509930856105532924019922459495787307916975823734419199495241728
212596261422805960901659130683033510663350029725017090568862971664738534525342273053572259963043710918882161065984
7222014638755077435743367767171850556162019175524196338219148550217917616430080557814872500611813409727531395842048
245335901456249759083776169254524791169596608590548166294273102403865375544361263709264633192675241091276090973880320
8334198634873735075663847726146644299225936744863739885317807147019390476583503833222762262122772503494184555264344064
283117417684250688814641153076732992474177269636940340095464260004626780348870038016945008044788797335617684442861010944
9617658002629649713738817005194229837069550878300883438941858497060735095084856101272201836602788626858914499032902533120
326717254671723765111271949095892688854049608252957737595458232582432630097698608561085784438458912492452578988282439794688
11098769000835974780477919967768420299292968220211417200173842473866392848244106292908650580813487626712539536531184808886272
377031428773751412936477527876288471949178512230426049681853853434767745421775907950001237194114768665606692550912254467375104
12807969809306706562424486588734786680919738170197619130758645082114779884309390464041387570491505611557161791681414263258218496
435093942087654286589861870944113790587070980531728029848436708821582449122493095497533559285676173810274747990511675106652061696
14780386061170932724610416629447417526355649430170625809881397989287876029082324377874240120075002373514876611627441789521696391168
502098032137724102677421274474057195919425122306835080220825774200593703981506615528663623457626342366745066792872605076087514333184
17056552706621440665593346700219380034088878448984581771662922309721112385949620065625546604404220039175608212711376831719784482603008
579420693992991138193769442744245349662913976304572384442794800754843103504217519049305630773804647730434791746861572649954702497153024
19683247043055076372795900510798541483868629506280335971972097331619150457966982994634872024791614627985530161445837138186648926168285184
668650978769879388224400545173005166870922670358758801603305386689955020812196730424659902857349307152685828715812224347969792455693303808
22714450031132838266714099134262695792502820059860587938767672913447924457221301217254995090929255408527671406823568094064392260376089067520
771622650079746642999109963505275967977493643421767265582548599268608798454635692255831940559778237445140178684103439308657954867334640304128
26212455652680234696587345919192962872542281155735918239176454200486727775397192047854874748445779160180568173186136253781543891481416054079488
890451869541048250979385420381241442857633864428874389650006371136015302073279602501085460495141393521028592201758498813498963866534662142689280
30249151108742953264036242214741253218583834887031987931556819630858152397300142069565068673672915645619726079816852923969278854790931851021123584
1027580685827719038150606781862931868590882321044922681755366724896513335311865645063604404448334493440545743555731879890283348929719521043288162304
34907494167033708602677244510696566591315601924416907670118259604104854710062767614151313472010656850733623330773459020938564621471559112925082812416
1185827220993318164948114708696542891939392935549235439682197391553262093986757771016558706660867145825427308471445601908201849483554688779552859095040
40283218019605776608532269760865140936443596330204102806559693658547514142141140916160985825474553935359817392257609974458879454961790463622899539378176
1368443585445602507779814836783731649048060851467779780896413939722056719602240935794423799066377518176784233194048215772535870629773141497472484695343104
46486798687130860979683896717552149978716181293426845666547905715024293944467618740295415662866641485946388735929948287034910539995370120925345709058686976
1579182711777003821890891970336384919896340696420323538041869309165283764226227480312099807446652550665986526759884093790241313826975750369668991366685786112
53645725401730991235592233906491383879576951596970887777567433348733037019121822707354588477031591644566554265754941121356821275511306088110448638914614788096
1822375480947076769448862603463962862830285683927994545346010224697856267203097318049298981567898332810060881076412826787180075571994745875362568621733800050688
61907120626798858707939535384512916818287044142060073942472391957075289650755803196539991489649048591578593478349751457964678163327336543667563799165101993361408
2103019725830213228041284225254193149512920109197134228273945585466598421569182238320678978623415209433469692755857370613423042315966611088424750166186279028391936
71440763557600416855149531477678763181684803003875105804657529895061842075453952544653105190982146280328643155904347322645561812761721388498047134891705405183885312
2426882941232584005799181446667229400964881604577964483749446730875011372790655649965356892941719486492646234702593767071988104698688049618839379835275357205815099392
82442579238350236434067059706525896924483620611406615373788188885648190113198088421861723597512630635142886738712792446829820759667681040082864484746502901756348858368
2800620811162674451458259528407730106988836141524106803824261863181805475847140029228324647389736650386082204991908182678373232626840702988109421787672852457316339941376
95138665000292582867684122738488340067765622690801370302771251838378465151733736204868891160559094899924421569670793651493122780925114281496086984890701157231089997053952
3231913989198784571541988899776994462854226786821531299682430197890918284216293352296122192926679603767152291799556470680479846119859127226619593205273622526665454675558400
109789936967758350362441324218766551129113374476476095936396472181083688974012862104029040800142222642241829041208243916537629259438583992777912028647873484540662827230167040
3729625942914584930817580159541419545383721331765897810120872451097880574828550532799421191291650894966525343633803190780410981931684881687285358638951205478638434069786918912
126697492122128083619071653591112454502349494817973581737350779711592661744436847832471949135112617382707770893189491423687779757504218014365216131581145183921581846465934786560
4303985106209439437417328778003629388018294770700613970264276635010604314809128803221188187845960996760847524666593948568875481298892187552722153772995783967004914086384683188224
146208796118998753796562975850869717134933490676565776978344591076767102508108496588967649882742861714065111530502140381580137902362092855709799359481270837570090187996152243159040
4966795082939748929267151673053052087252251051807953401471658068810165362725095892607777170218017217731741739992063094472153521349847423162019395591853081566415957212015729368367104
168724824023832415115692205580911921321121584519173560158069720581044692894113958887957044491708709478872258679114777165025798537812700676856626592596127899747255863954055588248289280
5731677221727361377287539466815176490861518629576594297309923185821441028951906863888482984477670723147946198259529793022728719181556943228130588639547173706652412925074956597208285184
194708300714706429763968562550443131940317154741453838747237597752471402459373320934087653804026905690036124665561072680392426233958761367452952522955705896709567328918798433631720177664
6614350547078288421069315577297622466374374646625252958147083393171995067529067395738375992838835271164568090481155977124405583920223615947176428905741177051483306758650213060747131355136
224693210299947028332265186449144682224913565292938974953427258674384838880657465477136577147574136760942569583283509563309006843771144881186261046898176000488929455301271458039235346432000
7632954799651121799456366221715799879528087106521617086446232656108497136130282931218975653286765354633268873080628356252294092271432260957623589529141650660758542152405077231094671760949248
259295769977838120263226746261908500646601893436844018968727939061977343463210954442922035058207130788745382068798389960710351608063298096457711783801993968660887667035887439312906425101975552
8808423224446840741757674240165313332479867190093580467666335650348048088759791877071936496335336943777313991189884028021281018522156229539884330963200982198250908376324887172097628393330180096
299227093861214760016080583950769931579352540299799744276386259634458785346398754261467602803863480060243659340744040099511636830412109364545297092600806590117000401169279077688878527641787826176
10164912768056850686172830740811594063043073984213014470291757290677031859375099165805875632037443060799669599500368202219973689838839088864572170161375536318519742307244061335667712037104323133440
345307807020071727955878212969532406262040651105086194631915602881019516600618560031656907206149447048259892023422313775554095329860991373533254918833555194773547603671302906823972068500332504678400
11730300525914376816657114531006916041146706041916307612768204243678784037881427070860834988564564416938901698994710297124208168681968119177206027690754748924560426992911538120731673450125034321346560
398484910074068767923130638721538294196106808778652307443125709351373605742185157370423625398731784534905766798334225405137321667798358366346886913333957977240079855401156970249194644093894833586831360
13536756641992419460095770383926753227578951284374623906206466917458233594867766239477306907872875515946688947939995032931778341169608048888732756947286782667059445458217766414173143625839245416409858048
459851240917667956013282889791866876624248348373469265616866712878888353981249548238489684175499681742656308279631094281741063227499254508012818064394317823548527494806840127056194797049163635687126204416
15621405434558716464213314642318410058744660834424514738267271164572291520199840272573700968471280540325208880167047406217097657522882266873153300998470324015044469772157710349856450376426608628246863937536
530667933534078515904274315899850153211504650859520694598097949667385166923824477991539872291581258592243000930548063593242213989921907821157397186334466120311572530787070117175922277724515697275013196414976
18027088334724113205750361589100384029314272107847983354947294584279729335626551959450110934521524995395153276991878425002606524763699627757080571322626903221702909264022878246962705528938372547253701575704576
612390335447085666969236507409959183921892942690612479858488159714139987228948692303506875854572062231946061653929685908547981177052749574669593661577730658060333651248256394312426891157669095904142603782717440
20803244316866184765516476719871992350539684033880448358220917851270337629270857835213206966897004324718355521244927126745906033477685699762662423377268081925489092564433382808589985188911239944200829781739044864
706697916438002990430271254972834392146505769320895391318890815612476312785546729803261582867781057647311490039798092214652972243307092667110476497163767565676447486557627158155715447606905702066314528732636774400
24006925914575227512527535092300601450914927338031187107171886459010856877972784258951036249509422197825439973634345123210949707000614170389007107249664997966260461142497826119638087008009822709406625487786141024256
815528783179119491587696672952013913675930119852847044215312058976728839330511650945256148880114265415932784603602405075063653692528155763600046834532548564903874164535112568156305883341459270785292664750352269049856
27703971702175486065601636625324313309710817334878531457714571479399974283558233374200901779565564129795151720691409657824930670016881897448834970416328517695398030124306311487019262350990818835454876940299275102846976
941119509090787213386067281081090330331021328945054081531244447883850239370279409683990946300006559553803146793334612505362553413396693785059528065842662024673719750568820058270778103423391670206675409110616243083149312
31970359337384578947427452678062303700143477670575073850994588844869599799690990384429802079161164898463826180431884224115031182586728904165560790535126421961839548840470219960180557825542208307004790495843106278936150016
1086051097961985059093398306803183789205021301048058691283889999669983468241377132453737560427194126877874216856185283023411386479435688793606264529449899554571435905776838454747769686128107240416370028045984633078933356544
36893766971370093238672647868617510304790544339159256647766103249781552687170556594826643351496298829542148255714230034547729944765640029567455539661814001321547591356738254546334817759206396114232935066238251368927593496576
1253302025928620648415325003365210882802031076920365173961610030470008145335954917734608929141265193433901883519108774447383559378259179118258853874607714596419160614033209027292732818111560632776928025273040040489153686667264
42575375114601733915159637614476950714005413786001254939521393564031681256258055408350317319995342589857318041822488367492405498935655010902779591402286689029688939056298232621546661438527836084332135853720324294826772521811968
1446309451870530194881582679014206564621240413563756894468690303552965892065528058074650769117680129451124572027772568314521124260022504135411722459933019917476099672436848218463974608138455844783810523839401912356356996340908032
49131945988483402725845962324022586732876802190519536527864019830382164723215970387492477624782544671757594257144711363819995059406820042929208281771770911284546256396770639483841039880003434106894149950150014114591548288486342656
1669039854156565060479325733511694689935914225252645402700718527582453151306614192807815652344497536282085608675897167607911578836563861064584839662215953449982512585336491451900433950789180655656873694888474944658837547151922298880
56698223095334697617254490702023972579162492777370820352613231398034179868308833579474734488873723941517853100503551274152286338901700622636955467661074918421432924144999182304524149211844017483131440796483281261081567357266848382976
1926070545387223304227697527664457263359432492697756176907231371574891278821784774400752839279243214981309972777228864624208173217725372062224400270162286981518525309261200941744095430080060315341562065389783577135997354549610283008000
65429700320070221022193434452693859422886244917678736356622209077002246062203582620485509304212349931120608314436254629617232422193180326956486424357474080421348061275653515062607909057035518027807788642707283173884572746194167093264384
2222683740337000133658569131042274121083316336524797415191348052539607283151017137369088792071974472202414037109579347793443459464732096941819101646928862248710661738854844614366193200912364315634306201256848232769997015136172686702542848
75505817471137907788934000998573024923583187842242029330827855819847223455827836702057303347321814589359594982230210031791116167502266267648395617777862498476648331636443447349627885350362682313087649912647786138581864278754429864347959296
2564975110278352137602806434382579478442623580954940914107797791158717975618958029303310991123092752469679540337744469000674227989777750312939041021288097264587423085278694090745116189601104726468509276523636799702924608497083457245749968896
87133647931992816471457506125474400851509807010439386900069921546071205922303708616504920464557785787304688589298090804185239133388423769695315090212876537918727921967754715068048791652796524370393694904451209805361806343787617166415735291904
2959979054577477466375519301968697483570838692914291575908077804380437435200558680293394890634117169202597370980309556622482410508607270338396503181313682601366757417255819628034288037851446366066890016385472108740313781294630231328311058890752
100552154207702192417502856976064613312035276179222467224392206469567232332713280037240568260684061310607870536604996466683409225154990035021429705646831811287829100100541144480995719916523932077673233945090272303583784463010369508134585446170624
3415813264007296386260121711080274562187814989906612994974820829151400105699524579131001817424131161660910361401618005033992838504375058059274911006995108358881545711500596418903943461262309183978226071792168103297881659535159724036898993444225024
116037098822040361307377137304152933724097541319295056012389178178685919796650413494156892946912742342134316890566522671968687915741360392286138282148972977520537091135547858459132823779913755209914973754514781617983680969909679028968619756585222144
3941845546685363237600413477580795091582755348394494239287272938170740813699241659849754204487669770405499909618956263666985035281416838321212926942604859773905476943965392138168626601547536860029021331954463866424115680402075410629211345052848095232
133906711488480279983280177357265354206834421270244570799873890900653005210852933746469640210143732442461576723916600734264504200198117097930852372879491034394275787414986606795552470877518948387096059896323841383364988894642844765264414167755109957632
4548886345061643734902616089949064605913713578655227518447835412897239037662139466970931491965167358526123088962037212056975555797966539264607806979964057047309676339990665304389713090216266338181249106152502155384618045530553686366077948107095430660096
154528229020607427691782216891133465868585376902962029952703446310570227719640476533790718357824643614662999903034061770355462679911954531078747725237021614848276959048904856141231712475099539891601186374478608455808556060770947303749818175134380360466432
5249410900355587475056116310480656340138784513367044392227382261705839323466234855189654578716203971933765304170129586659194521505205548679227883750989639631007949698517556690795142093041779132793130149738183907839922102058381687232729852117238237051748352
178325442383069392953476070425440455530142092985024210293167475374029832078849596343607818404694266738392053738971882736714211266884862360758072681442006959924967109263774024263017359492401095554449175128148473094303774354696894682525406066853139586438135808
6057815630124000645644361257502840288234202528707549244683813614294381225512506323494011634711447321581693853061911525027495920232390345595247267503295024307403885222110507649622890288575767550534762731566532303413895838226819708105670246844429162145986379776
205787405981832950105125495384884756483047284897648780759685432798380728809523490673287084244895912347152149029634040974799939978250954403790570013714662469918092103184748029099897263190926338108214674482586388742719028787350903651648067708852400618228791902208
6990713987752193482945302643743648120477092966482773490500589294265298468796102487815750532761334941209656438163727274944196114450261475931559248051866304086280092819723326027551601790771994779391400118139277858772980178871629287167130997828891994288935229456384
237478488177592711602923139217804099117207674430619447886147041196831584231248684833046538664374495548566161233877988452157134850859473672982164710411319658694905139737029299588505410968196393144886252064712956650136131498034557930944228946209029448932589261815808
8067277884050398404236733818037165775785535777862263923735866134524773357583337950075697662085881818768805888087050858936294404955137792626559922889177044092484629852987595410121361354342611462190506284764284347620608449757032614701938562367932489602045319047020544
274049969569535989166688080062375789415353550089186480924452647669835958704806358205528461976115152141523716304643684276644045906033628538247969371860282688250405210742150657713515911407327112978272981561601207702872124046388398305706720075064431194211577927833747456
9309631687480168443406477623365478235304622260137740514296777609098262273523370129512437114252608640494244089300702423986583349522485050064929437099838181206990687083704193236071191616971555125676579884450476450567090232368055869429941453262961868444834460669474504704
316253427404756065419143156846234119221317902329402693718174498576847782152008484304268477934069127417555416881449927347237663384887686387215927889984660916796658685249825044558214535652842842413301507719995727948342639655569365237929033464501122191735802261625091653632
10743306900074222908735587061772057744118175153278901777473162022515061175632740208657414392424165461421792526943233908200636222679217612579954383949099414131376382955961821982824491065360025593032317661193384509778126233486968607585100521602595604326026044878336280231936
364956181175118881425413566755087555283816463979056417509493037047826116105154059952773844744272527181726424731618576917923340513339426426983639186035184626578902281608586926119030697845272986377652073498294662820600044220657015856530556713835722097903690921667105845673984
12397766853053964892698930736825117432865717306617031995076644548792228948797836808385659511604792738701401187822163658850665651042785485615441324746394738420196156668572032850967988651130942123328365223405568469798311568465853631868924990768657450403846188140756149364326400
421159116822659548911607639065751460814464143642155399045261363072250685215710141510031529849278278711263288962625980883091730722017348984862282464917184282590567931503750896313592500102908791881973939968223303532775396590807498163366181720721224038485152802970027447468163072
14307012205117371003687925797165242711004918004535457818377672195746723025322563776134841480217064123735635146555269712425810975791798230450914403363604380596397618258329658076068221671987866489773905947583961614717021645849297578908443373988595615080638192779040760464454713344
486017255857167782187555123489156192875154819972597731777580936520151410355370337262754414779711439259268607697397238874067747419615781663252308198708252784614193097466633715549629355876803572203159411533749024312902213192251657566787301250171486903536158750844620050749246668800
16510279686938586337750465066253443626542635641853403629349916068340926425556202851721835502964827289016742433075875576482372438971201821540765296440506124371247784136012132447556951400088029233417750117196822129780008900408907345921512219793430037554522435050496350206050126790656
560863492100054465723660830600810444701376496781618038467751451964355849615880915660633648069322672804734416728074127303022968274552252176888664685334866047975833637784124262422578198975578100961369150164647894019692767833227602368382111341313282583887775081058980109055416141348864
19052848451714916793150751999433446504122791473899494692224511102093649497543230904949309645749711521017941533579262700453733825458646200722220026804413399680215844970923366620838136002039919014776450283711536119635697275314310358153671129975118106009591931041235139495657086560239616
647235983866206747881829156727462035981824780831508859977229636948099062586456899971264940420787964284843039706352843288851248696715472223318698433511579741135905754972899695296966900080213076058987374278554794640572126978698915625865991804891938259208464277735425555931453445428477952
21986970602999312096717941245764204557199996505530098513864163370671630377996563394647488385879456757491030609424175859241417854242396494187634446172971803333586654817704131184365019752522280927085029894644432606510002156691501817588504493520228773172217367115741837306079464548814815232
746909764518110293994897533061302693681718062626091926542601351907458828513518334686529230184803896768599403188449059410302203456490589274025025645510581063925529114676861092493200077893863476137761955251399363481378765157341189314408366529618592497661630950655104337414822288362599088128
25372945023012740054443831733253770771544741612467472244726381954717903324512161199268426896593280408099700218135223403242206235333008619709830340307153774889290156569851285616844355568656542432878685798952939938912801899983798243413966707352089730718777631762383898665281630677291027660800
861933221017914986505019995476291128697127741281079104089370046324641505456330095731922320029114433736777987030853658052198407908156005478003457457875031450289572142247739107689112168354938535040813394604702313054361942448798903753588847827185125978335937322392593881266337923315666178277376
29280356569586085509915259258129102214109943905748780135139312830532401590879690237634691630196960109804499814357723595024076028196874437144872863000830121237868614797895032762401776099011518076716198101771303781378281038930840373087896816474891261784842538558426422679789365012525757734322176
994670190144908880035838881488342778583167136981205383777232669260801331950913999135152345012471382467628505368372993305469935048631818395534103668931759136785953165163040258616482855217298571983338441582852792933175754562717503864463531875741077996737557186421051591911081052557833299961053184
33789506108357309055275339442782951933604814855930311775702881595254259957714208317309309099593036765251810924520596973714709245162340541177120203350881984055305542060300237053627074435374297048660115495818473767687515691537493964107295706131519753809351095576058273555205424700013209680546365440
1147848537494003408119050089237493354313150983429150400479829505307544944110813637061006443071702041320291243665097986480521440588850069705570669354656208488197303289813896499678806293060787158888102941763570215316876889632842303471386984083008188827558876149872000994237016571135194966646629335040
38993060768687751283477601929123520053178160181212725386226050154427354209335601911215055682923055603979311220969869608442897073327858724578812432595030821225605512813860183737657504058292590038949062243186675790567194753449683600739268807711491317216249691236167485679635455607724191089216884572160
1324616217597889237453727406108610046465432904304496103192385518339221801758814624612193252065070114111560692174975412086287051068930533070094146085641196328037686851278620362544133135111364112983625667182952413065459619121919429940877028470258088802818749900591531195695981279570973802305911793909760
44997958337559536163958998166908070320507100099663453386483628987640715480848847682883741287517084043758035820860124174762784947514563114740736695850568527985944340274925944762843315283017823380427786441430780373613553667203555520438771345321545175755439110672105363591950601416184780609964745018048512
1528605967259426341972870809594327149928644718449143535181637221886779009508451051840969733399960598273346803162841232178626997333638485723614997282933085033763983521708837589935396510979700492158516164159191090847058480426385549191651872290027945983854919847334514722243874082870269871042637302515892224
